#
#
    C     S     T     P      A     G     N      D     E     Q     H     R     K    M      I      L     V     F      Y     W     *
 15.10 -1.20-3.00 -8.50  -0.70 -5.60  -5.10 -8.60  -8.60 -7.00-3.90 -5.50 -8.10 -3.50 -4.80  -5.10  -1.80 -3.50 -2.80 -3.90 0.0
 -1.20  7.302.60  -1.10  1.50  -1.20  0.70  -1.10  -1.60 -1.20-2.10 -2.30 -1.70 -3.70 -5.70  -5.90  -3.90 -7.10 -4.30 -6.80 0.0
 -3.00 2.60  7.70 -1.70  -0.30 -4.70  -0.50 -2.00  -2.30 -1.50-2.10 -2.40 -1.20 -2.20 -2.40  -4.40  -0.70 -5.80 -5.30 -8.10 0.0
 -8.50 -1.10-1.70  11.20 -1.30 -5.30  -4.30 -3.80  -3.10 -2.10-4.00 -4.10 -3.30 -7.10 -6.90  -5.40  -5.30 -8.70 -7.10 -10.50 0.0
 -0.70 1.50 -0.30 -1.30   7.10 -0.80  -2.90 -2.70  -1.40 -1.90-3.50 -3.20 -2.70 -2.30 -3.80  -3.90  -0.40 -5.90 -6.00 -8.20 0.0
 -5.60 -1.20-4.70 -5.30  -0.80   9.50 -1.40 -2.30  -4.20 -4.00-4.80 -3.90 -4.50 -7.70 -10.60 -9.80  -8.00 -10.80-8.80 -7.60 0.0
 -5.10 0.70 -0.50 -4.30  -2.90 -1.40   9.30  2.30  -0.90 -0.401.10  -1.90 0.10  -5.70 -6.70  -7.40  -6.30 -7.00 -3.60 -8.10 0.0
 -8.60 -1.10-2.00 -3.80  -2.70 -2.30  2.30    9.30 3.30  -0.60-1.40 -3.90 -1.70 -8.10 -9.80  -10.10 -8.10 -10.40-6.40 -11.60 0.0
 -8.60 -1.60-2.30 -3.10  -1.40 -4.20  -0.90  3.30   8.40 2.40 -1.40 -1.90 0.70  -4.90 -6.80  -7.00  -4.70 -9.50 -6.90 -9.20 0.0
 -7.00 -1.20-1.50 -2.10  -1.90 -4.00  -0.40 -0.60  2.40   8.901.60  1.30  1.80  -1.80 -5.50  -3.60  -4.70 -6.50 -4.90 -5.80 0.0
 -3.90 -2.10-2.10 -4.00  -3.50 -4.80  1.10  -1.40  -1.40 1.60 12.30 -0.70 -0.90 -3.50 -5.90  -5.30  -6.00 -2.20 2.30  -3.80 0.0
 -5.50 -2.30-2.40 -4.10  -3.20 -3.90  -1.90 -3.90  -1.90 1.30 -0.70  9.30 3.50  -4.80 -6.50  -5.40  -5.50 -8.40 -4.60 -3.80 0.0
 -8.10 -1.70-1.20 -3.30  -2.70 -4.50  0.10  -1.70  0.70  1.80 -0.90 3.50   8.10 -3.40 -5.50  -5.40  -4.90 -8.30 -5.50 -8.30 0.0
 -3.50 -3.70-2.20 -7.10  -2.30 -7.70  -5.70 -8.10  -4.90 -1.80-3.50 -4.80 -3.40 11.10  2.70   3.20  0.40   0.60 -3.30 -4.10 0.0
 -4.80 -5.70-2.40 -6.90  -3.80 -10.60 -6.70 -9.80  -6.80 -5.50-5.90 -6.50 -5.50 2.70    8.20  2.40  4.20  -1.10 -4.20 -5.80 0.0
 -5.10 -5.90-4.40 -5.40  -3.90 -9.80  -7.40 -10.10 -7.00 -3.60-5.30 -5.40 -5.40 3.20   2.40    7.40 0.60   1.00 -3.10 -3.90 0.0
 -1.80 -3.90-0.70 -5.30  -0.40 -8.00  -6.30 -8.10  -4.70 -4.70-6.00 -5.50 -4.90 0.40   4.20   0.60   7.60 -2.70 -4.30 -7.30 0.0
 -3.50 -7.10-5.80 -8.70  -5.90 -10.80 -7.00 -10.40 -9.50 -6.50-2.20 -8.40 -8.30 0.60  -1.10   1.00  -2.70  11.105.10   2.00 0.0
 -2.80 -4.30-5.30 -7.10  -6.00 -8.80  -3.60 -6.40  -6.90 -4.902.30  -4.60 -5.50 -3.30 -4.20  -3.10  -4.30  5.10 12.00  2.60 0.0
 -3.90 -6.80-8.10 -10.50 -8.20 -7.60  -8.10 -11.60 -9.20 -5.80-3.80 -3.80 -8.30 -4.10 -5.80  -3.90  -7.30  2.00 2.60   17.10 0.0
0.0 0.0 0.0 0.0 0.0 0.0 0.0 0.0 0.0 0.0 0.0 0.0 0.0 0.0 0.0 0.0 0.0 0.0 0.0 0.0 0.0 0.0 0.0 0.0 
